310.27
310.29
310.16
309.49
309.9
309.53
309.47
309.51
309.71
310
310.74
311.39
312.37
312.98
314.62
316.04
317.8
319.43
321.47
323.1
325.33
326.63
327.95
328.07
328.35
327.96
328.36
328.52
328.92
329.41
329.67
330.45
330.76
330.41
329.85
329.27
328.44
327.94
327.12
326.67
325.89
326.07
326.59
326.63
327.11
327.4
326.62
326.79
326.23
326.08
325.4
325.24
324.91
324.42
324.09
323.8
323.38
322.98
322.58
322.25
321.98
321.74
321.21
321.25
321.07
319.98
320.15
319.07
319.67
318.98
319.04
318.83
318.59
318.59
318.17
317.91
317.28
316.88
316.37
316
315.41
315.26
315.35
315.22
314.9
314.74
314.55
314.42
314.25
314.26
314.13
314.17
313.74
313.57
313.42
313.32
313.1
312.97
312.67
312.6
312.29
312.18
311.61
311.26
310.96
310.41
310.06
309.55
309.56
309.04
308.52
308.1
307.59
307.01
306.2
305.36
304.63
303.81
302.83
301.64
300.44
298.79
297.68
296.22
294.52
293.37
291.69
290.21
288.46
286.66
284.92
283.1
281.52
280.23
278.97
277.78
277.01
276.37
276
275.63
274.82
274.7
274.24
274.01
273.48
272.79
272.28
271.23
270.38
270.81
270.31
269.32
269.17
269.66
270.21
271.21
271.69
273.88
274.8
275.99
276.91
277.93
278.83
279.43
279.72
280.25
280.96
281.13
281.72
282.55
283.48
284.22
285.4
286.33
287.51
288.22
289.4
290.37
291.14
292.31
293.34
294.51
295.92
297.37
298.76
300.59
302.2
303.49
305.23
306.72
308.43
310
311.84
313.5
314.82
315.1
316.21
317.69
319.6
321.91
324.69
327.34
330.1
333
336.22
339.08
342.37
344.88
347.31
350.29
353.06
355.96
1.94
4.91
7.86
10.57
13.54
16.5
19.29
22
25.11
28.28
31.26
34.27
37.18
40.26
43.08
46.28
49.01
52.22
55.11
57.95
61.09
64.05
67.39
70.24
73.28
76.7
79.64
83.19
86.31
91.89
93.98
96.2
97.64
98.83
99.69
101.05
102.71
104.77
106.89
108.49
110.37
111.61
113.13
113.47
113.9
114.6
115.53
116.63
117.85
118.92
119.64
120.14
120.26
120.44
120.58
120.97
121.04
121.33
121.53
121.91
121.91
121.77
122.26
122.18
122.73
122.95
123.33
123.09
123.18
123.19
123.68
123.7
124.1
124.3
123.96
123.91
123.7
123.92
123.92
124.05
124.39
124.61
124.48
124.64
124.5
124.54
124.84
124.62
125.06
125.15
125.27
125.06
124.99
124.91
124.94
125
125.39
125.15
125.63
125.21
125.64
125.95
126.33
126.41
126.76
126.74
126.61
126.77
126.88
126.74
127.37
127.2
127.41
127.23
127.37
127.34
127.42
127.73
127.79
127.91
127.85
128.16
128.09
128.08
128.04
128.17
128.15
128.19
128.27
