39.9490611
39.9490612
39.9490611
39.9490613
39.9490611
39.9490613
39.9490615
39.9490618
39.9490621
39.9490626
39.9490632
39.9490638
39.9490645
39.9490653
39.949066
39.9490669
39.949068
39.949069
39.9490703
39.9490717
39.949073
39.9490743
39.9490759
39.9490776
39.9490791
39.9490807
39.9490823
39.9490839
39.9490856
39.9490872
39.949089
39.9490907
39.9490926
39.9490945
39.9490963
39.9490982
39.9491001
39.9491019
39.9491038
39.9491056
39.9491075
39.9491093
39.9491112
39.9491132
39.9491151
39.949117
39.949119
39.9491209
39.9491228
39.9491247
39.9491266
39.9491284
39.9491302
39.949132
39.9491338
39.9491355
39.9491373
39.9491391
39.9491409
39.9491427
39.9491445
39.9491462
39.949148
39.9491497
39.9491514
39.9491532
39.9491548
39.9491566
39.9491581
39.9491598
39.9491615
39.9491631
39.9491647
39.9491661
39.9491677
39.9491691
39.9491704
39.9491717
39.9491731
39.9491744
39.9491756
39.9491769
39.9491781
39.9491794
39.9491806
39.9491818
39.9491831
39.9491842
39.9491854
39.9491865
39.9491877
39.9491888
39.94919
39.9491912
39.9491922
39.9491933
39.9491944
39.9491954
39.9491964
39.9491975
39.9491985
39.9491996
39.9492007
39.9492019
39.9492029
39.949204
39.9492051
39.9492061
39.9492072
39.9492083
39.9492094
39.9492103
39.9492114
39.9492124
39.9492134
39.9492144
39.9492154
39.9492164
39.9492174
39.9492184
39.9492195
39.9492204
39.9492214
39.9492223
39.9492232
39.949224
39.9492248
39.9492255
39.9492262
39.9492269
39.9492275
39.9492279
39.9492284
39.9492288
39.949229
39.9492293
39.9492296
39.9492298
39.94923
39.9492301
39.9492303
39.9492304
39.9492306
39.9492307
39.9492308
39.949231
39.9492311
39.9492312
39.9492313
39.9492312
39.9492313
39.9492312
39.9492311
39.949231
39.9492311
39.9492312
39.9492313
39.9492315
39.9492317
39.9492318
39.9492321
39.9492323
39.9492326
39.9492329
39.9492333
39.9492336
39.9492339
39.9492342
39.9492346
39.9492349
39.9492354
39.9492358
39.9492363
39.9492368
39.9492373
39.9492379
39.9492384
39.9492389
39.9492395
39.94924
39.9492407
39.9492414
39.9492421
39.9492431
39.949244
39.9492448
39.9492458
39.9492469
39.949248
39.9492492
39.9492505
39.9492519
39.9492534
39.949255
39.9492566
39.9492583
39.94926
39.9492618
39.9492635
39.9492654
39.9492673
39.9492693
39.9492714
39.9492734
39.9492755
39.9492778
39.94928
39.9492823
39.9492848
39.9492871
39.9492896
39.949292
39.9492969
39.9492992
39.9493016
39.949304
39.9493064
39.9493087
39.949311
39.9493132
39.9493154
39.9493176
39.9493197
39.9493217
39.9493237
39.9493255
39.9493273
39.949329
39.9493306
39.9493321
39.9493335
39.9493348
39.9493361
39.9493372
39.9493381
39.9493389
39.9493397
39.9493402
39.9493406
39.9493409
39.949341
39.9493409
39.9493406
39.9493402
39.9493398
39.9493393
39.9493388
39.9493383
39.9493377
39.9493369
39.9493362
39.9493353
39.9493344
39.9493335
39.9493325
39.9493316
39.9493306
39.9493296
39.9493287
39.9493276
39.9493266
39.9493256
39.9493244
39.9493234
39.9493223
39.9493212
39.9493201
39.949319
39.9493178
39.9493167
39.9493155
39.9493145
39.9493134
39.9493121
39.949311
39.9493098
39.9493087
39.9493075
39.9493063
39.949305
39.9493038
39.9493025
39.9493013
39.9493
39.9492989
39.9492977
39.9492965
39.9492953
39.9492941
39.9492929
39.9492917
39.9492905
39.9492893
39.9492881
39.9492868
39.9492856
39.9492843
39.949283
39.9492818
39.9492805
39.9492793
39.949278
39.9492767
39.9492754
39.9492741
39.9492728
39.9492714
39.9492701
39.9492687
39.9492673
39.9492659
39.9492645
39.9492631
39.9492617
39.9492603
39.9492589
39.9492576
39.9492562
39.9492549
39.9492536
39.9492522
39.9492509
39.9492498
39.9492487
39.9492477
39.9492468
39.9492459
39.9492451
39.9492443
39.9492437
39.9492431
39.9492426
39.9492421
39.9492417
39.9492413
39.949241
39.9492408
39.9492406
39.9492405
39.9492406
39.9492405
