116.7698537
116.7698538
116.7698537
116.7698538
116.7698537
116.7698535
116.7698532
116.7698528
116.7698522
116.7698515
116.7698506
116.7698498
116.7698487
116.7698478
116.7698467
116.7698456
116.7698443
116.7698431
116.769842
116.7698407
116.7698394
116.7698383
116.7698373
116.7698361
116.7698348
116.7698336
116.7698323
116.769831
116.7698297
116.7698284
116.7698271
116.7698258
116.7698246
116.7698231
116.7698217
116.7698202
116.7698187
116.7698172
116.7698156
116.7698139
116.7698123
116.7698106
116.769809
116.7698074
116.7698058
116.7698042
116.7698026
116.7698009
116.7697992
116.7697976
116.769796
116.7697943
116.7697926
116.769791
116.7697893
116.7697876
116.7697859
116.7697841
116.7697824
116.7697806
116.7697787
116.769777
116.7697752
116.7697733
116.7697714
116.7697697
116.7697678
116.7697661
116.7697641
116.7697623
116.7697605
116.7697587
116.7697569
116.769755
116.7697534
116.7697516
116.7697499
116.7697482
116.7697467
116.7697452
116.7697437
116.769742
116.7697404
116.7697388
116.7697371
116.7697356
116.7697339
116.7697324
116.7697308
116.7697293
116.7697277
116.7697262
116.7697246
116.7697231
116.7697216
116.7697201
116.7697186
116.7697171
116.7697157
116.7697142
116.7697127
116.7697111
116.7697095
116.7697078
116.7697061
116.7697045
116.7697027
116.769701
116.7696994
116.7696977
116.769696
116.7696942
116.7696924
116.7696905
116.7696888
116.7696869
116.769685
116.769683
116.769681
116.7696788
116.7696765
116.7696741
116.7696717
116.7696692
116.7696667
116.7696642
116.7696616
116.7696588
116.769656
116.769653
116.7696502
116.7696473
116.7696446
116.7696418
116.7696392
116.7696365
116.7696339
116.7696313
116.7696289
116.7696265
116.7696241
116.7696217
116.7696193
116.7696171
116.7696128
116.7696107
116.7696064
116.7695997
116.7695974
116.7695952
116.7695931
116.7695864
116.7695783
116.7695701
116.769568
116.7695642
116.7695622
116.7695583
116.7695564
116.7695544
116.7695525
116.7695505
116.7695484
116.7695463
116.7695441
116.7695419
116.7695397
116.7695375
116.7695352
116.7695331
116.7695308
116.7695287
116.7695266
116.7695245
116.7695224
116.7695204
116.7695186
116.7695169
116.7695153
116.7695136
116.7695119
116.7695099
116.769508
116.769506
116.7695042
116.769502
116.7695001
116.7694981
116.7694962
116.7694942
116.7694923
116.7694902
116.7694882
116.769486
116.7694838
116.7694817
116.7694796
116.7694777
116.7694758
116.769474
116.7694723
116.7694708
116.7694693
116.7694681
116.7694668
116.7694657
116.7694648
116.7694641
116.7694635
116.769463
116.7694627
116.7694626
116.7694628
116.7694631
116.7694636
116.7694643
116.7694651
116.769466
116.7694671
116.7694685
116.76947
116.7694715
116.7694732
116.769475
116.769477
116.7694791
116.7694813
116.7694837
116.7694862
116.7694888
116.7694916
116.7694945
116.7694976
116.7695007
116.7695039
116.7695071
116.7695105
116.7695139
116.7695176
116.7695211
116.7695248
116.7695322
116.7695358
116.7695395
116.7695431
116.7695466
116.7695501
116.7695535
116.7695569
116.7695603
116.7695637
116.7695669
116.7695699
116.7695729
116.7695758
116.7695786
116.7695813
116.7695841
116.7695867
116.7695892
116.7695917
116.7695941
116.7695965
116.7695989
116.7696012
116.7696036
116.7696061
116.7696084
116.7696108
116.7696132
116.7696156
116.769618
116.7696204
116.7696227
116.769625
116.7696274
116.7696297
116.769632
116.7696345
116.7696369
116.7696394
116.7696418
116.7696442
116.7696466
116.7696489
116.7696513
116.7696535
116.7696558
116.7696581
116.7696603
116.7696626
116.7696649
116.7696673
116.7696696
116.7696719
116.7696743
116.7696766
116.769679
116.7696814
116.7696837
116.7696861
116.7696886
116.769691
116.7696934
116.7696958
116.7696983
116.7697008
116.7697033
116.7697059
116.7697085
116.7697111
116.7697135
116.769716
116.7697185
116.7697209
116.7697233
116.7697257
116.7697281
116.7697304
116.7697327
116.7697349
116.7697369
116.7697389
116.7697407
116.7697425
116.7697441
116.7697457
116.769747
116.7697482
116.7697493
116.7697504
116.7697513
116.7697522
116.7697528
116.7697535
116.7697539
116.7697543
116.7697546
116.7697547
116.7697546
116.7697547
